ID	LATITUDE	LONGITUDE	fB	fR	fT	u50	u100	u250	u500	u1000	u2000	u4000
B11	51.06617	3.684383	0.1500	0.3000	0.0000	0.0564075180344304	4.93083394356088	10.5746423566113	16.8686833094775	17.2806679104277	16.4410096958223	15.3854134704868
B18	51.066572	3.684249	0.0500	0.2000	0.0000	0	4.77127547889276	14.8006744893787	17.8429678957352	17.2390638043558	16.3995449025148	15.3524873216813
B2	51.066827	3.684031	0.0000	0.3000	0.0500	0	3.59426583478844	17.4362191963605	18.0958494782185	17.0294871399395	16.2877762753004	15.3036580487386
B21	51.066644	3.684111	0.0667	0.5074	0.0611	0	2.70323664001149	15.4346047333584	17.7198467867543	17.132107432981	16.3351472599769	15.3208641605832
B27+	51.066615	3.683841	0.0000	0.2000	0.2000	0	0.567230759921194	14.5916714764669	16.9360753056332	16.8073574295444	16.1993373231203	15.2552667548468
C15	51.050225	3.711018	0.3000	0.4000	0.0000	15.5155476229141	31.8686713089896	39.4677607805771	38.4833089467477	34.95780111437	31.440690290223	20.8959489593634
C16	51.050288	3.710979	0.4000	0.0500	0.0000	14.5577320115441	31.7318108602238	39.5544756459975	38.6251075089742	34.9717113689417	31.4396458878382	20.8914014413864
C17	51.050346	3.710886	0.2500	0.0500	0.0500	13.0626506880777	32.0331308420917	39.7228424654706	38.6574049716322	34.9408379382471	31.3923089230165	20.8779085986002
C18	51.050399	3.710821	0.3000	0.4000	0.0000	12.2947774377071	32.177496625634	39.834132692437	38.6771914930391	34.9586598450084	31.3666900743345	20.8684127370104
C1e	51.04836	3.713387	0.1500	0.3500	0.0000	15.6560000939946	30.5500633994894	34.9027303940623	38.9506100658019	38.1870921513339	31.771417932553	21.0821198949846
C7	51.048783	3.712931	0.1500	0.2000	0.0500	18.6304209321552	27.0644558953268	36.5204058378644	39.4032961490026	37.3771366172787	31.8461175082976	21.0690558352905
F21	51.068237	3.690642	0.1000	0.4000	0.0500	29.3983830448722	30.7393890274709	30.3990808389059	25.9588801708393	22.8079610825457	19.5592496337523	16.2737066072584
F22	51.069291	3.692179	0.3000	0.2500	0.0000	24.1868232405707	27.4650579305428	22.3464624421699	24.4658108455103	23.5529529303707	20.2649132356157	16.4904236671111
F3+	51.067246	3.688896	0.1000	0.2000	0.0000	27.981125877787	30.4460784779141	30.1276769645314	24.7708274517134	21.505905124736	18.5900430727674	16.1421027864766
F3e	51.067243	3.688823	0.1000	0.3000	0.0500	27.4116205756406	30.3154721326811	29.9252096790294	24.7736976782749	21.4446354166306	18.5649049348009	16.1322030324055
F4	51.067219	3.688871	0.2000	0.2000	0.0500	28.579899673293	30.1526079289791	29.9851684310795	24.7602025124406	21.4969717875507	18.5774303314197	16.141831189107
F7	51.067158	3.688685	0.2500	0.3000	0.0500	29.9011801463061	29.0427146669407	29.4748949804741	24.6500034175962	21.3637921123098	18.5042232185789	16.1206888831318
M10	51.047502	3.720273	0.3000	0.2000	0.1000	12.9172900865796	33.965648409	42.3399648390741	44.0271529624612	41.6298326378054	34.2696061702699	21.2616867444078
M14+	51.047623	3.720214	0.1500	0.2500	0.0500	16.1663589649688	36.675545153252	42.8569914680041	44.4799707388299	41.7708700669146	34.3014444653939	21.2729783024488
M15	51.047666	3.720193	0.1000	0.3500	0.0500	17.1785585220505	37.6132092979937	42.9380609931034	44.6425495389376	41.8180541108216	34.3162225884451	21.2782779478851
M17	51.047729	3.720244	0.2000	0.4500	0.0500	14.999098611736	38.3307784452723	43.1114132509259	44.8589937126576	41.9386094277403	34.3712070995489	21.2886149069729
M2	51.047166	3.720309	0.4500	0.1000	0.0000	8.68059386929079	29.9334149331757	39.4981746531373	43.0019112598113	41.1727088390678	34.1573885078645	21.2323676100662
M3	51.04744	3.720226	0.4500	0.2000	0.1000	16.0689452799014	32.913402350783	41.6547820357766	43.7586059120518	41.4999368676922	34.2281212592944	21.2560945995199
M6	51.047346	3.720289	0.2500	0.4000	0.0000	12.1849729623792	32.0585782694022	41.0110118256856	43.4715117459144	41.3503811181974	34.2129151444533	21.2490054142252
O1+	51.035736	3.701834	0.0000	0.1000	0.2000	20.5286520339278	17.9165276394802	15.4666943662893	13.1341469163306	17.2238971468698	18.0995334517955	17.9460680322615
O15+	51.034187	3.700231	0.1500	0.2500	0.0500	0	9.9692966507288	9.68606095617577	8.75969246699252	15.8784121560167	16.3399825286581	17.0961437190517
O26+	51.035201	3.70124	0.1500	0.5500	0.0500	2.79607129505356	17.2114337060004	15.4809027448389	11.1202723849464	16.3971285600267	17.5251916097402	17.6393300741281
O5+	51.035242	3.701195	0.0500	0.3500	0.0500	1.13952207092885	16.4499459002994	15.5359937890673	11.128108781011	16.3329190302573	17.511935412717	17.6400123399579
O9	51.035037	3.700809	0.2000	0.2667	0.0000	1.16020375267653	14.9171173267857	15.6253041139007	10.1749791600218	15.9562157922436	17.1677722137253	17.4972861886117
SPAEC02	51.05877	3.67859	0.0000	0.5250	0.3000	0	0	0	0.224267071809316	3.80926908623453	12.7038317014246	14.6228449279875
SPAEC03	51.047954	3.716716	0.0500	0.5972	0.2347	35.1740215497096	34.0584324552172	36.9403857567529	41.5126103747592	40.5936256944051	32.9354356889263	21.2381584526824
SPAEC05	51.014063	3.811492	0.0278	0.2333	0.3861	0	1.40207724211499	5.40015480359003	7.672360751248	4.10548962067756	7.07577941752755	7.30797244181805
SPAEC07	51.049089	3.715508	0.2250	0.4813	0.4438	34.3307508852859	41.3704350679348	41.9646437411892	42.3697156905709	40.7306785393692	32.7285819570575	21.2989989620134
SPAEC12	51.034576	3.763693	0.0250	0.6500	0.2750	23.5325893526908	26.5646252785779	24.8597360377445	19.7517736209871	20.6993097312693	17.9467154288096	16.9565554864686
SPAEC18	51.026829	3.635332	0.0500	0.6500	0.1250	2.76520430600422	3.58650726889826	2.96893258775908	3.66330668192089	4.94637846760327	5.57399257747177	6.25498256793372
SPAEC20	51.047954	3.716716	0.0000	0.7111	0.1833	35.1740215497096	34.0584324552172	36.9403857567529	41.5126103747592	40.5936256944051	32.9354356889263	21.2381584526824
SPAEC22	50.845766	3.608069	0.1750	0.5750	0.0500	0	6.41592413825726	22.1137479397392	29.5573257158122	20.570957881603	13.7080165944347	6.7500300679276
SPAEC23	51.025342	3.637669	0.0000	0.6875	0.1438	3.40379020636464	2.82931997341687	2.25426205614435	3.30983688571413	5.19382365333812	5.69121649613433	6.45792121944202
SPAEC24	50.813863	3.46796	0.0313	0.5375	0.1250	5.23014495831291	5.57120609495276	5.56522244623268	3.73250745007533	4.17607779550289	2.77492730238673	3.70297614448659
SPAEC26	50.846368	3.608046	0.0000	0.7194	0.0750	0	0.592470489931651	19.5318610897412	29.4108658176992	20.7005984589718	13.7987141128495	6.73267379728867
SPAEC28	51.059385	3.686414	0.0278	0.8194	0.1500	1.31662861827339	0.615979806576257	4.37988418540455	10.330316939147	15.2604021012128	16.3672156125102	16.404297669109
SPAEC32	51.050831	3.739936	0.0000	0.6167	0.1639	39.2097338194405	34.4495991614348	32.0023774123569	34.5478273573811	38.5878941092784	34.3756568863236	21.6283426383004
SPAEC33	51.050831	3.739936	0.0000	0.6333	0.1028	39.2097338194405	34.4495991614348	32.0023774123569	34.5478273573811	38.5878941092784	34.3756568863236	21.6283426383004
SPAEC35	50.96373	3.737731	0.0750	0.5000	0.2000	7.17279419617882	18.8935719105701	13.2782635252342	6.60030434177805	6.97521011792421	5.49163477475589	4.55593909893605
SPAEC37	51.032736	3.729463	0.0250	0.6736	0.1139	54.8808858605668	44.9179047951171	34.7979705725993	33.9298662976558	26.9800330268189	26.9438513804234	19.7864951746588
SPAEC41	51.058153	3.687645	0.0000	0.5000	0.2750	7.67807433459345	6.33693038913938	7.0685238501688	12.602278676932	16.0349238176872	16.5666808380408	16.8261101656127
SPAEC42	51.032736	3.729463	0.0250	0.6250	0.0500	54.8808858605668	44.9179047951171	34.7979705725993	33.9298662976558	26.9800330268189	26.9438513804234	19.7864951746588
SPAEC44	51.05576	3.769084	0.0000	0.4861	0.3500	24.6678965423024	25.9108945179594	25.3043451153035	20.7826039901846	13.3129754885954	15.9581950412611	17.4116659767914
SPAEC50	50.950246	3.471797	0.0000	0.5250	0.3000	26.2000919655716	13.3209536455176	2.52268344466	1.81130158573617	4.18024622961797	5.53021675012626	5.19449729817929
SPAEC52	51.042209	3.731894	0.0000	0.4889	0.1583	24.4971795541346	27.7603242245425	30.7793239099725	36.6507930503222	37.4757545286642	34.0760969799155	21.2917741191625
W14+	51.048045	3.695114	0.2000	0.2333	0.0333	0	4.49902701094662	6.32329781888695	7.86570668295556	12.9670723246002	18.4071907102699	18.5087568818828
W15	51.048037	3.695137	0.1500	0.3500	0.0500	0	4.6026849286096	6.29419481663593	7.87118782863623	12.9897083202397	18.4204031450118	18.5121112792593
W16+	51.048034	3.695145	0.3000	0.2500	0.0500	0	4.64173900741184	6.28474093964876	7.87230385182526	12.9974489139023	18.4248942098519	18.5132826592497
W19+	51.048034	3.695156	0.3500	0.1000	0.0500	0	4.63163502599435	6.26187533374854	7.88339552664692	13.0122042696128	18.4333778661099	18.5151252279019
W7+	51.048064	3.695048	0.0000	0.1000	0.1000	0	4.29928705576183	6.41771782661851	7.83388051958627	12.8987622337362	18.3677636306314	18.4994648468232
W9	51.048068	3.695114	0.4500	0.4000	0.0000	0	4.163086044755	6.27137110833183	7.91597268722209	12.9914151020128	18.4189114854037	18.5101553411903
ZSR1	50.958053	3.722187	0.0000	0.3500	0.3250	0.130180297792249	0.0325450744480294	1.69529499590366	2.17450588575755	2.14070100799666	4.7233607178024	3.80246329008176
